1000110
1100
100
10
100
100
1001100
10000
1100000
101110
11010
111010
10010
1110
1100000
1011000
100000
1100000
100
1001110
100000
10010
1011000
100
1100
10100
100
10000
11000
110000
11000
10000
11110
10110
10100
10000
1110
100
11000
11000
1010100
110000
111110
110000
1011010
100
1011100
100
10010
100100
1110
101110
1010
11100
100110
101110
110
1000
11110
101000
11100
1100
1001000
101110
1010010
1100010
1010
101100
11000
10110
100010
100100
1000
10000
111010
10000
1000110
10000
10000
100100
1000010
11010
100100
1010000
11110
10
10010
1000
10110
11110
101110
1000
1010
1000
110
10
