1000110
1100
100111
1011111
100111
1001
1001100
1111
10000
1111
1100000
101110
11010
111010
1001011
1110
1100000
1011000
100000
1100000
100
1001110
1000001
1001011
1011000
100
1100
101001
1001
10000
1100011
1100001
110001
1000011
11110
10110
1010011
1000011
11101
111111
100
11000
110001
1010100
1100001
111110
1100001
1011010
100111
1011100
1001111
1001011
1001001
11101
1011101
10101
11100
1001101
1011101
1101
10001
11110
101000
11100
11001
1001000
101110
1010010
1100010
1010
101100
1100011
10110
1000101
100100
1000111
11111
10000
111010
100001
1000110
100001
100001
1001001
1000010
11010
100100
1010000
11110
10111
10010
10001
1011011
111101
1011101
10001
1010111
10001
110111
1011111
