100011
1100
100111
1011111
100111
1001
10011
10000
1100000
10111
1101
11101
1001
1110
1100000
1011
100000
1100000
100
100111
1000001
1001
1011
100
1100
101
1001
10000
1100011
1100001
110001
1000011
11110
1011
101
1000011
11101
100
11000
110001
101
0100
1100001
111110
1100001
1011
010
100111
10111
1001111
1001
1001
11101
10111
101
11100
10011
10111
1101
10001
11110
101
11100
11001
1001
10111
101
0010
110001
101
1011
1100011
1011
10001
1001
1000111
10000
11101
100001
100011
100001
100001
1001
100001
1101
1001
101
11110
10111
1001
10001
1011
111101
10111
10001
101
10001
110111
1011111
