
000110


1100


100111



01111



100111


1001


1001

00


1111



0000


1111


1100000



011

0


110

0


11

0

0


1001011


11

0


1100000



011000



00000


1100000



00


1001110



00000



1001011



011000



00


1100



01001


1001



0000


1100011


110000



11000



100001



11110



0110



01001



100001



11

0



111111



00


11000


11000



1010100


110000



1111

0


110000



1011010


100111



011

00


100111



1001011


100100



11

0



1011101


10101


11

00


1001

0



1011101


110




000



11110



0

000


11

00


1100



1001000



011

0



010010


11000

0



0

0



01100


1100011



0110


1000101


100100



00011



1111




0000


11

0

0


100001



000110


100001


100001


100100



1000010


110

0


100100



0

0000


11110



011



10010



000



101101



11110



1011101



000



1010111



000



11011




01111




